lambda;n;T;Setup;Keygen;Privatecommit;Functioncommit;Eval;Publiccommit;Functionverify;(time_complete)

256;256;1;580;5078;1512;195;24;0;141
256;256;2;840;5138;1516;196;23;0;141
256;256;4;973;5124;1507;196;23;0;140
256;256;8;716;5199;1500;196;23;0;141
256;256;16;643;5203;1510;196;23;0;140
256;256;32;764;5189;1506;196;23;0;141
256;256;64;933;5150;1516;198;23;0;142
256;256;128;1250;5110;1534;194;23;0;140
256;256;256;1320;5111;1536;197;23;0;140
256;256;512;2104;5110;1589;195;23;0;141
256;256;1024;3093;5080;1647;197;23;0;139
256;256;2048;5773;5042;1811;193;23;0;139
256;256;4096;10596;5022;2082;194;23;0;140
256;256;8192;20548;5164;2756;197;24;0;146
256;256;16384;40425;5052;3919;194;23;1;140
256;256;32768;80762;5015;6257;194;23;2;141
256;512;1;1154;10174;3008;425;54;0;142
256;512;2;651;10179;3007;427;53;0;141
256;512;4;668;10199;3008;423;53;0;145
256;512;8;812;10262;3029;423;53;0;142
256;512;16;1121;10281;3018;424;58;0;141
256;512;32;685;10220;3040;428;53;0;141
256;512;64;851;10197;3036;424;53;0;141
256;512;128;986;10168;3004;427;53;0;140
256;512;256;1382;10175;3090;425;53;0;141
256;512;512;1829;10130;3214;435;54;0;141
256;512;1024;3106;10173;3293;422;53;0;141
256;512;2048;5833;10091;3656;426;54;0;146
256;512;4096;10780;10062;4198;425;56;0;141
256;512;8192;20211;10060;5344;425;53;0;142
256;512;16384;40315;10067;7668;425;53;1;139
256;512;32768;80712;10076;13281;425;54;2;140
256;1024;1;1118;20307;5973;926;118;0;140
256;1024;2;612;20286;6013;962;121;0;141
256;1024;4;871;20265;6031;923;118;0;140
256;1024;8;774;20360;5996;924;120;0;142
256;1024;16;601;20548;6028;928;118;0;141
256;1024;32;1063;20459;6026;936;118;0;140
256;1024;64;737;20252;6044;924;122;0;141
256;1024;128;1136;20251;6127;925;118;0;143
256;1024;256;1195;20219;6187;924;119;0;141
256;1024;512;2577;20187;6380;926;119;0;143
256;1024;1024;3230;20149;6582;934;118;0;142
256;1024;2048;5647;20114;7253;932;119;0;141
256;1024;4096;10546;20175;8269;930;124;0;144
256;1024;8192;20470;20129;10672;931;119;0;140
256;1024;16384;39964;20194;16089;931;123;1;141
256;1024;32768;81339;20157;28780;939;220;2;147
512;256;1;1774;11901;4709;225;39;0;336
512;256;2;2129;11885;4712;223;39;0;341
512;256;4;1666;11963;4672;223;42;0;333
512;256;8;4324;11888;4704;222;39;0;341
512;256;16;1754;11970;4684;222;39;0;338
512;256;32;1676;12048;4745;225;40;0;335
512;256;64;1841;11975;4722;225;39;0;334
512;256;128;2260;11993;4784;223;40;0;335
512;256;256;3716;11884;4755;223;39;0;335
512;256;512;5260;12004;4792;225;39;0;334
512;256;1024;7435;11887;4847;224;39;0;334
512;256;2048;13223;11880;5012;221;39;0;333
512;256;4096;24722;11910;5354;223;41;0;334
512;256;8192;47856;11866;5986;222;39;0;342
512;256;16384;94426;12072;7251;225;39;1;334
512;256;32768;189283;11864;9860;223;39;3;340
512;512;1;1466;23851;9380;493;89;0;338
512;512;2;2244;23881;9467;490;89;0;335
512;512;4;1907;23798;9422;494;90;0;338
512;512;8;1637;23945;9430;494;90;0;335
512;512;16;1660;23845;9421;491;90;0;334
512;512;32;1717;23828;9408;495;90;0;332
512;512;64;1748;23910;9500;492;89;0;334
512;512;128;3868;23773;9510;489;90;0;339
512;512;256;2999;23850;9510;491;89;0;334
512;512;512;4217;23838;9661;492;90;0;336
512;512;1024;7392;23832;9781;491;90;0;336
512;512;2048;13233;23996;10107;497;90;0;337
512;512;4096;24858;23741;10690;493;90;0;338
512;512;8192;47592;23937;12057;487;93;0;333
512;512;16384;95229;24027;14585;500;91;1;337
512;512;32768;188229;24042;20895;492;92;2;334
512;1024;1;1509;47576;18922;1070;198;0;334
512;1024;2;1330;47601;18790;1069;206;0;351
512;1024;4;1889;47573;18842;1069;200;0;340
512;1024;8;1718;47748;18793;1069;200;0;335
512;1024;16;1747;47749;18823;1073;201;0;335
512;1024;32;2030;47657;18950;1077;199;0;333
512;1024;64;2030;47665;19195;1071;204;0;333
512;1024;128;2071;48188;19138;1077;200;0;336
512;1024;256;2812;49868;19977;1069;198;0;336
512;1024;512;5257;48493;19743;1070;199;0;337
512;1024;1024;7569;47837;19594;1076;198;0;334
512;1024;2048;12913;48088;20107;1083;198;0;335
512;1024;4096;24965;48048;21410;1087;200;0;337
512;1024;8192;48334;47518;24014;1073;198;0;333
512;1024;16384;94069;47649;30960;1075;201;1;343
512;1024;32768;189166;47617;47230;1084;239;2;333

384;256;1;1141;8133;2936;210;31;0;230;12684
384;256;2;1673;8160;2851;209;31;0;226;13153
384;256;4;893;8235;2865;205;30;0;228;12460
384;256;8;1586;8145;2872;207;31;0;235;13078
384;256;16;1146;8178;2887;209;31;0;232;12687
384;256;32;1006;8132;2882;205;31;0;227;12490
384;256;64;1301;8140;2884;208;30;0;227;12803
384;256;128;1863;8151;2933;209;31;0;228;13439
384;256;256;2308;8117;2899;207;32;0;227;13840
384;256;512;2823;8198;2953;207;31;0;230;14531
384;256;1024;5526;8083;3034;208;31;0;229;17301
384;256;2048;9152;8060;3168;206;31;0;227;21191
384;256;4096;16324;8060;3475;206;30;0;228;29013
384;256;8192;33064;8038;4067;204;31;0;228;47111
384;256;16384;63733;8050;5303;205;31;1;228;80343
384;256;32768;125357;8115;7757;205;31;2;228;147351
384;512;1;1977;16199;5710;453;71;0;231;24644
384;512;2;881;16283;5812;453;74;0;229;23736
384;512;4;1507;16215;5734;451;71;0;228;24210
384;512;8;1919;16220;5742;462;70;0;229;24649
384;512;16;2192;16317;5702;455;73;0;230;24978
384;512;32;1227;16302;5720;453;71;0;228;24015
384;512;64;1204;16195;5783;450;70;0;227;23953
384;512;128;1416;16196;5780;455;71;0;239;24201
384;512;256;2909;16342;5806;453;70;0;228;25902
384;512;512;2894;16169;5913;455;75;0;227;25918
384;512;1024;5523;16141;6060;450;70;0;228;28842
384;512;2048;8743;16124;6345;453;71;0;230;32693
384;512;4096;16314;16114;6960;453;71;0;230;41593
384;512;8192;31637;16324;8223;456;70;0;229;59769
384;512;16384;62714;16294;10672;455;72;1;228;96225
384;512;32768;125944;16279;16207;456;76;2;229;170688
384;1024;1;913;32481;11524;1083;166;0;242;46413
384;1024;2;923;34567;11972;1051;163;0;237;48918
384;1024;4;954;34548;12231;1038;164;0;241;49181
384;1024;8;1263;34184;11992;1030;162;0;239;48880
384;1024;16;1004;34113;12105;1032;167;0;240;48675
384;1024;32;1395;34088;12101;1036;167;0;238;49050
384;1024;64;2051;33985;12114;1030;167;0;237;49634
384;1024;128;1787;34018;12155;1028;168;0;237;49486
384;1024;256;1996;34234;12201;1037;165;0;238;50059
384;1024;512;3346;34043;12401;1032;163;0;242;51604
384;1024;1024;5149;34223;12698;1033;165;0;239;54254
384;1024;2048;9049;34177;13385;1041;165;0;242;59524
384;1024;4096;17062;34099;14649;1037;165;0;240;70215
384;1024;8192;33169;33935;17272;1038;164;0;238;91758
384;1024;16384;66207;34228;23331;1055;175;1;240;137074
384;1024;32768;132531;34059;38326;1043;264;3;238;231853

256;2048;1;686;45168;13155;2244;284;0;153;61695
256;2048;2;836;44155;13228;2198;284;0;153;60862
256;2048;4;626;44219;13205;2190;284;0;155;60690
256;2048;8;649;44212;13269;2211;287;0;155;60798
256;2048;16;743;44234;13240;2199;285;0;154;60882
256;2048;32;1522;44184;13322;2193;286;0;155;61714
256;2048;64;1155;44033;13219;2189;285;0;153;61137
256;2048;128;1185;45141;13769;2235;293;0;156;62992
256;2048;256;1296;44384;13276;3585;350;0;260;63578
256;2048;512;2625;46077;13824;2202;287;0;154;65958
256;2048;1024;3693;44514;14550;2210;283;0;155;66945
256;4096;1;616;88712;26650;4708;624;0;154;121471
256;4096;2;811;88577;26275;4737;618;0;157;121188
256;4096;4;723;88381;26220;4729;624;0;158;120852
256;4096;8;856;88543;26459;4735;624;0;155;121400
256;4096;16;1066;88273;26612;4715;622;0;161;121503
256;4096;32;738;90308;26505;4719;623;0;153;123156
256;4096;64;1322;88296;26615;4736;625;0;154;121947
256;4096;128;1576;89705;26690;4696;624;0;154;123841
256;4096;256;1278;88506;27048;4736;629;0;159;123154
256;4096;512;2236;88132;27715;4722;620;0;154;125135
256;4096;1024;3340;88189;29017;4721;628;0;157;129171
256;8192;1;791;178372;52428;10082;1343;0;154;243185
256;8192;2;821;177080;53214;10076;1355;0;154;242721
256;8192;4;734;177886;53881;10068;1343;0;153;244096
256;8192;8;738;177905;53386;10331;1349;0;155;243920
256;8192;16;1334;176535;52832;10104;1340;0;156;242409
256;8192;32;744;177230;53150;10125;1386;0;155;242996
256;8192;64;839;176018;53237;10076;1342;0;154;242059
256;8192;128;998;175518;53619;10044;1339;0;152;242465
256;8192;256;1423;176214;54140;10251;1349;0;157;245080
256;8192;512;2237;177134;56450;10100;1367;0;155;250540
256;8192;1024;3747;176130;58513;10088;1376;0;157;256275
256;16384;1;891;353839;105100;21470;2914;0;163;484407
256;16384;2;657;353702;106349;21553;2916;0;157;485371
256;16384;4;645;353871;105750;21481;2883;0;155;484850
256;16384;8;841;353292;105722;21446;2878;0;156;484446
256;16384;16;824;353134;106451;21527;2908;0;157;485212
256;16384;32;700;354192;105519;21481;2888;0;154;485332
384;2048;1;1327;72095;25039;2336;377;0;247;101427
384;2048;2;1674;71047;25123;2341;376;0;249;100816
384;2048;4;1018;71102;25116;2324;372;0;246;100190
384;2048;8;1253;71365;25058;2338;374;0;250;100654
384;4096;1;1353;143840;50746;5052;834;0;249;202083
384;4096;2;2626;142312;50027;5039;818;0;250;201082
384;4096;4;2848;143798;50177;5042;812;0;248;202943
384;4096;8;1014;142668;50290;5038;818;0;248;200105
384;8192;1;1183;282046;100302;10770;1769;0;257;396342
384;8192;2;1520;287324;99335;10875;1777;0;248;401100
384;8192;4;1359;284166;99778;10760;1774;0;248;398119
384;8192;8;1135;284508;100624;10756;1768;0;253;399104
384;16384;1;1045;569116;200104;22911;3835;0;253;797292
384;16384;2;1032;569000;199545;23037;3839;0;250;796744
384;16384;4;1133;567910;199572;22881;3818;0;251;795633
384;16384;8;1993;572850;201285;22954;3847;0;248;803289
512;2048;1;2652;104483;41389;2542;475;0;366;151911
512;2048;2;2610;104309;41231;2536;472;0;364;151529
512;2048;4;1644;103868;41047;2535;471;0;364;149938
512;2048;8;1546;104362;40971;2528;471;0;364;150259
512;4096;1;2667;207552;82494;5474;1042;0;364;299600
512;4096;2;2442;208484;82942;5525;1057;0;367;300827
512;4096;4;2101;208832;82647;5470;1039;0;362;300468
512;4096;8;2287;209182;83332;5478;1039;0;366;301715
512;8192;1;1699;416581;164971;11755;2266;0;364;597650
512;8192;2;1559;420338;166847;11861;2288;0;371;603286
512;8192;4;2481;417523;164516;11756;2262;0;367;598939
512;8192;8;2045;416162;166061;12069;2277;0;368;599041

256;32768;32;850;656728;197412;42074;5792;0;147;903760
